gtav_front_clear_low_contrast_mountain_f24=10.90909
gtav_front_fog_rain_f24=17.77777
gtav_front_night_small_f24=22.85714
gtav_front_obstructed_day_f24=16
gtav_rear_fog_occluded_f24=21.81818
gtav_rear_fog_rain_obstructed_f24=18.46153
gtav_rear_fog_rain_turbine_interference_f24=19.2
gtav_side_smokestack_f24=18.46153


gtav_front_night_57f53_.mp4=(rpm=11.5025, ticks=[1,105,199,302,405,499,602,706,800,904,1007,1100,1204])
gtav_front_night_119f97.mp4=(rpm=11.5064, ticks=[125,337,553,749,965,1181,1376,1592,1802,1998,2214,2430,2626,2841])
gta_windturbine_front_fog_rain_50f81.mp4=(rpm=17.8421, ticks=[46,99,156,214,268,326,384,438,498,557,611,670,729,783,842,901,955,1014,1073])
